threshold optimal
0.83283	0.80116	0.89458	0.73582	0.70632	0.92809	0.66365	0.87665	0.89468	 0.86165	0.82402	0.88618	0.89372	0.78072	0.74341
0.81577	0.80258	0.89144	0.76465	0.85377	0.92766	0.64305	0.8686 	0.90771	 0.86029	0.8354 	0.88607	0.90889	0.78845	0.73453
0.81605	0.81287	0.89698	0.76383	0.85999	0.9286 	0.64828	0.8572 	0.90887	 0.86481	0.84346	0.88602	0.90579	0.79687	0.7386 
0.81821	0.792  	0.895  	0.76288	0.77036	0.92524	0.66567	0.88509	0.90462	 0.86215	0.82095	0.88576	0.90398	0.78904	0.73225
0.8039 	0.7902 	0.90291	0.77073	0.85466	0.92464	0.65864	0.88794	0.90106	 0.86112	0.81554	0.88418	0.90804	0.7994 	0.7265 
0.80432	0.79255	0.91434	0.75695	0.854  	0.92359	0.67073	0.89215	0.90613	 0.867  	0.81512	0.88499	0.90033	0.79858	0.73745

threshold 0.5
0.85606	0.81437	0.90405	0.69693	0.5297 	0.92821	0.70173	0.86427	0.87748	 0.85918	0.81882	0.88636	0.87306	0.77188	0.76618
0.84618	0.81446	0.89378	0.73481	0.75693	0.92893	0.66849	0.85821	0.89653	 0.86058	0.83374	0.88687	0.89011	0.78527	0.75437
0.84002	0.82533	0.90367	0.73314	0.78058	0.92976	0.66458	0.84816	0.888	 0.8639 	0.84384	0.88373	0.89778	0.78529	0.75458
0.84193	0.80549	0.90723	0.71973	0.70544	0.92789	0.70389	0.8798 	0.89591	 0.86231	0.82062	0.8852 	0.88797	0.78905	0.75331
0.83457	0.8032 	0.90886	0.71878	0.7315 	0.92786	0.70745	0.8812 	0.89415	 0.86506	0.81258	0.88391	0.88831	0.79769	0.7508 
0.82731	0.80251	0.91567	0.71463	0.78668	0.92523	0.7156 	0.88285	0.89189	 0.86653	0.81303	0.88452	0.88988	0.79858	0.75066

default
nmi normalized
nmi normalized squared
pre 
pre normalized
pre normalized squared